991.729484 406.048769 536.240730
234.382153 748.344371 257.911924
445.509201 621.936705 710.470901
584.978790 60.243538 280.831324
351.329081 428.937651 371.227149
391.705069 170.384838 667.012543
120.212409 108.645894 67.293313
14.587848 417.371136 832.087161
147.923215 732.902005 243.354595
827.631458 492.843410 447.798090
617.358928 846.797082 920.194098
986.571856 712.424085 905.972472
273.964660 638.080996 699.453719
879.726554 268.745994 743.430891
600.756859 64.973907 422.528764
22.492141 934.659871 371.990112
108.584857 543.595691 432.538835
298.562578 257.667776 741.355632
609.149449 343.852046 742.088076
390.209662 467.879269 17.700735
972.228156 938.901944 122.013001
101.962340 737.784967 112.674337
613.086337 320.078127 823.969237
189.275796 707.998901 71.077609
434.430982 855.006561 955.656606
384.441664 952.238533 47.181616
784.936064 751.487777 69.765313
689.077425 924.558245 990.417188
819.238868 723.715934 926.694540
800.622578 534.562212 352.824488
75.289163 162.663656 276.436659
887.081515 460.524308 240.363781
751.365703 113.742485 500.228889
940.824610 255.989257 588.457900
690.054018 789.117100 678.487503
756.889554 863.490707 273.659474
87.191382 312.723167 742.606891
318.521683 939.024018 698.385571
61.311686 38.880581 437.757500
154.271065 42.085025 435.926389
74.465163 223.578600 507.248146
187.536241 880.397961 117.770928
406.567583 190.954314 424.024171
850.367748 41.993469 13.519700
83.986938 543.900876 770.928068
907.986694 628.101444 817.499313
469.008454 548.265023 630.390332
660.267953 534.501175 142.735069
757.499924 697.775201 714.255196
80.019532 455.275124 256.965850
533.768731 764.732810 67.140721
136.417737 611.621448 798.638874
915.128025 487.685781 640.064699
163.975951 375.194555 714.377270
312.936796 564.897610 478.133488
795.129246 982.085635 583.239235
66.713462 936.460463 323.252052
805.230873 41.016877 962.065493
793.633839 574.907682 722.769860
344.676046 160.863063 531.052583
870.143742 286.904508 886.349071
583.147679 374.156926 756.736961
642.567217 483.474227 168.004395
884.762108 747.184668 650.837733
380.504776 628.894925 793.755913
402.722251 264.809107 112.857448
261.238441 251.655629 934.080020
544.694357 383.526109 422.650838
434.583575 121.646779 59.327982
247.138890 188.573870 827.875607
85.055086 590.441603 336.802271
530.442213 490.646077 968.596454
13.275552 280.953398 260.505997
510.879849 82.674642 228.125858
220.374157 424.268319 371.837519
48.219245 371.318705 116.092410
926.725059 299.111911 452.467421
631.305887 326.029237 604.358043
13.306070 560.045167 582.842494
73.915830 777.214881 72.725608
664.937284 867.305521 576.891385
237.922300 166.112247 305.215613
643.818476 279.702139 158.665731
436.902982 532.090213 930.906095
758.995331 468.306528 458.326975
538.193915 437.299722 958.037049
338.938566 75.441755 602.710044
187.108982 305.948057 721.366008
494.857631 608.844264 982.421339
158.024842 913.724174 784.936064
298.959319 246.314890 818.140202
714.163640 132.663961 234.504227
325.113681 960.112308 549.241615
156.346324 140.568255 483.626820
930.234687 574.846644 953.032014
586.931974 765.953551 327.860347
821.344646 875.118259 396.038697
432.355724 87.984863 641.407514
478.194525 802.423170 848.994415
582.873012 466.841639 938.566240
511.459700 251.930296 882.747887
243.690298 470.625935 150.944548
655.018769 122.440260 437.055574
875.240333 316.507462 519.730216
445.600757 211.401715 333.994568
55.207984 77.089755 596.972564
354.441969 409.710990 924.527726
847.560045 648.365734 119.663076
834.009827 557.725761 531.968139
436.170537 953.123569 82.277902
48.860134 404.736473 116.550188
503.555406 692.800684 821.955016
601.214637 491.378521 452.772607
225.165563 781.548509 461.958678
961.516160 572.161016 716.574602
941.770684 28.870510 765.861995
199.896237 542.619098 341.227454
681.447798 303.750725 454.695273
607.837153 851.496933 948.393200
863.063448 936.246834 465.712455
528.183844 194.250313 717.032380
841.090121 125.736259 599.566637
799.737541 19.379254 344.889676
580.431532 241.004669 647.480697
294.289987 162.938322 406.353954
797.357097 752.525407 527.481918
706.534013 881.832331 46.205023
499.282815 749.992370 322.000793
672.200690 807.184057 192.663350
123.203223 195.013276 515.671255
66.225166 15.228736 451.368755
537.217322 866.084780 313.211463
591.967528 631.061739 180.303354
155.583361 992.950224 794.305246
141.056551 275.276955 567.400128
452.070681 479.415265 960.173345
508.835108 352.580340 464.766381
359.355449 997.192297 573.686941
510.635701 791.619617 899.197363
546.830653 727.347636 211.432234
994.170965 505.050813 203.497421
490.340892 756.187628 260.811182
297.067171 668.080691 224.494156
720.358898 717.612232 831.446272
992.828150 40.467544 680.562761
775.902585 849.116489 834.437086
915.311136 106.692709 97.018342
332.377087 807.824946 936.094241
90.121158 903.744621 459.395123
831.720939 10.406812 846.736045
942.594684 174.047060 422.132023
851.985229 535.752434 577.745903
632.251961 45.930357 217.261269
533.829768 388.775292 20.966216
200.903348 928.983428 948.362682
757.713553 793.298135 597.735527
44.007691 846.430860 354.899747
564.439833 784.966582 913.388470
646.076846 130.710776 18.646809
658.650472 338.663900 465.010529
187.719352 411.236915 975.341044
850.123600 211.645863 608.417005
156.956694 245.460372 425.550096
104.739525 240.211188 319.925535
106.540117 717.764824 325.815607
611.560411 619.495224 915.921506
819.360942 970.610675 712.912381
55.635243 345.316935 941.984313
996.704001 73.366497 296.121097
243.385113 132.663961 38.819544
797.173986 995.483261 769.280068
475.936155 368.816187 860.011597
751.640370 857.661672 67.415387
742.790002 638.294626 180.700095
385.631886 216.986602 55.787835
26.764733 694.112980 323.709830
922.544023 16.327403 505.111850
905.453658 72.756127 61.006500
339.915159 129.184851 312.509537
321.420942 480.941191 355.357524
438.215278 276.009400 389.782403
8.270516 249.427778 807.702872
72.481460 605.334635 87.191382
714.194159 173.558763 600.207526
928.891873 548.417615 79.622791
196.966460 570.726646 195.348979
813.867611 791.314432 929.960021
91.433454 3.112888 194.463942
996.948149 492.629780 698.324534
297.250282 469.069491 697.775201
329.630421 329.172643 597.674490
633.106479 577.715384 369.914853
278.817103 704.611347 442.060610
268.990143 919.858394 323.740349
288.216803 629.505295 112.033448
13.763848 154.393139 13.061922
641.865291 502.029481 99.307230
21.393475 870.571001 704.977569
872.249519 411.236915 14.923551
11.871700 686.422315 898.556475
359.111301 773.949400 377.636036
808.648946 929.654836 404.309214
728.385266 228.095340 664.387951
996.002075 239.478744 815.057833
607.165746 863.368633 130.283517
923.703726 158.757286 913.998840
848.536637 199.652089 915.890988
256.630146 871.120334 302.377392
129.306925 951.872311 77.517014
910.458693 312.540056 311.380352
476.302377 666.707358 31.739250
652.790918 566.576128 218.787194
408.948027 915.097507 115.482040
11.719108 369.182409 42.420728
633.014924 988.891263 163.090915
541.245766 325.083163 857.051302
196.172979 117.404706 806.756798
72.420423 695.791498 800.225837
356.028932 203.741569 247.535630
458.357494 990.386670 828.089236
731.864376 115.024262 146.366771
616.657002 692.312387 968.260750
244.331187 765.953551 666.768395
522.080142 918.973357 431.073946
512.649922 735.862300 197.058016
317.117832 257.820368 596.942045
404.065065 85.055086 507.736442
23.743400 80.080569 728.354747
940.824610 505.111850 687.093722
576.403088 922.696615 381.908628
388.317515 81.362346 771.111179
177.953429 681.203650 44.465468
702.352977 885.708182 165.074618
437.635426 990.386670 613.269448
224.951933 477.523118 370.403150
499.252297 912.381359 107.608264
217.749565 301.156652 804.986724
544.541765 533.188879 563.921018
125.858333 45.533616 266.396069
774.895474 903.653066 552.354503
8.484146 411.267434 455.244606
368.846706 584.856716 286.507767
971.709342 527.603992 579.668569
101.596118 489.242225 2.655110
323.404645 607.806635 25.940733
423.841060 374.340037 287.057100
165.898618 449.446089 25.513474
955.961791 871.852779 453.505051
868.465224 200.018311 807.580798
683.431501 944.364757 44.312876
951.261940 544.999542 515.060884
766.411328 781.182287 170.171209
983.916746 258.339183 814.996796
924.680319 998.413038 843.775750
783.440657 11.078219 265.724662
956.175420 220.587786 823.938719
112.582781 584.826197 750.846889
213.019196 320.108646 894.528031
854.884487 311.166723 265.694143
925.534837 394.970550 82.705161
902.584918 779.534288 681.661428
248.878445 608.569597 198.492386
362.529374 746.391186 435.285501
942.320017 914.426099 375.591296
788.811914 871.242409 20.569475
794.213691 73.427534 139.988403
613.818781 513.046663 329.508347
409.375286 866.725669 49.928282
396.618549 481.398968 910.580767
898.129215 633.411664 265.022736
564.104129 465.315714 725.333415
477.767266 852.992340 639.820551
611.590930 990.081484 601.825007
139.683218 62.288278 218.543046
879.604480 301.461837 937.498093
474.288156 579.790643 464.583270
658.864101 672.292245 916.806543
607.623524 925.778985 308.847316
119.144261 393.047884 206.488235
112.338633 101.687674 276.039918
36.255989 274.483474 397.259438
834.406568 653.096103 667.622913
129.490036 974.944304 2.807703
954.802087 307.931761 173.619800
644.459365 998.443556 226.386303
404.736473 587.267678 474.440748
246.528520 915.982543 590.624714
97.201453 747.001556 505.355998
958.250679 362.559893 520.187994
456.434828 357.402264 214.331492
397.228919 788.048952 695.211646
541.062654 382.946257 974.394971
582.598346 908.963286 81.789605
792.535173 417.310099 437.665944
695.944090 452.864162 617.572558
224.585711 376.934111 669.026765
37.171545 224.494156 212.378307
823.450423 93.569750 990.203558
628.101444 885.219886 640.064699
181.157872 487.990967 235.511338
113.223670 245.643483 672.414319
58.290353 987.487411 183.111057
415.967284 450.941496 66.774499
792.779321 186.651204 912.198248
646.290475 314.889981 387.157811
363.444929 73.671682 870.937223
659.627064 359.172338 742.637410
608.478042 75.289163 643.330180
48.829615 957.945494 989.989929
707.388531 340.586566 906.430250
847.071749 506.881924 394.207587
695.760979 708.761864 992.431410
446.455275 850.337230 797.326579
611.011078 314.951018 941.404462
827.143162 434.736167 637.318033
993.987854 409.222694 72.542497
761.101108 942.533647 309.060945
21.393475 315.103610 41.657765
839.411603 613.147374 993.774224
638.355663 168.858913 213.324381
585.528123 211.462752 828.089236
828.424940 776.696066 85.421308
193.975646 777.123325 761.894589
723.624378 234.260079 582.750938
192.510758 8.392590 292.550432
742.271187 494.094668 413.617359
195.928831 528.733177 84.292123
475.753044 466.078677 483.077486
522.476882 470.595416 915.097507
751.670888 121.921445 700.674459
407.177953 925.778985 56.672872
300.668355 67.995239 539.170507
493.362224 966.704306 722.098453
880.428480 779.717399 515.152440
840.357677 275.582141 221.228675
678.640095 778.435621 498.092593
476.668600 43.763543 587.389752
461.653493 104.159673 538.315989
177.831355 852.839747 288.796655
373.058260 118.991668 859.004486
283.181249 845.301675 853.602710
648.640400 592.242195 909.634693
610.065004 759.544664 433.149205
922.757653 793.359172 51.576281
502.121036 468.306528 135.349590
380.199591 579.088717 668.111209
386.608478 646.809290 1.281777
885.677664 829.920347 382.366405
537.675100 228.980377 397.686697
520.554216 694.387646 758.110294
674.092837 516.403699 983.672597
803.949095 563.066500 467.146825
186.559648 305.124058 903.744621
391.125217 141.178625 568.102054
814.203314 321.146275 87.557604
357.768487 45.289468 368.511002
100.253304 724.173711 125.156407
414.227729 640.491958 471.785638
576.128422 583.086642 758.140812
677.999207 985.290078 157.383953
975.859859 165.959655 209.479049
86.428419 385.692923 339.518418
496.749779 747.764519 990.325632
285.287027 804.712058 116.824854
818.964202 548.539689 97.445601
0.854518 850.733970 489.425336
902.493362 493.728446 275.307474
625.354778 908.383435 307.473983
122.989593 865.871151 884.884182
137.272256 795.098727 46.632282
706.442457 715.750603 525.955992
668.202765 760.551775 712.881863
307.901242 246.284371 522.110660
138.187811 310.312204 179.479354
574.938200 400.708029 324.045534
541.062654 862.056337 683.767205
262.550737 700.460829 445.356609
790.215766 250.892666 181.493576
556.779687 114.810633 333.811457
662.862026 221.167638 899.716178
334.330271 527.573473 233.283486
429.242836 893.826106 867.610706
768.974883 320.810572 225.135044
349.589526 412.762841 567.369610
609.759819 848.323008 882.686850
488.143559 170.415357 253.883480
233.252968 244.087039 950.285348
359.263894 818.781091 73.671682
830.042421 233.649709 797.204505
905.911435 314.218574 988.952300
456.434828 506.332591 717.886898
344.676046 144.199957 812.799463
784.752953 898.220771 82.613605
616.534928 268.471328 506.179998
848.719749 245.521409 508.041627
683.584094 802.362133 405.774102
528.244881 426.557207 242.561113
837.397382 697.317423 365.489669
573.747978 941.038240 471.938231
654.164251 262.703330 31.464583
261.726737 501.663259 868.221076
374.401074 944.090091 753.105258
923.856319 662.526322 60.304575
425.305948 955.717643 87.557604
225.318155 603.991821 416.119877
664.082766 780.724509 608.417005
814.691610 961.455123 223.914304
829.798273 827.723014 900.448622
443.372906 150.028993 667.500839
770.470290 292.062136 346.537675
492.599261 123.691519 530.106510
389.690847 140.324107 702.414014
667.409284 39.155248 963.042085
55.848872 738.334300 645.405438
48.524430 2.746666 539.231544
562.181463 607.379376 595.782342
359.752190 77.120273 806.665242
744.224372 740.104373 265.602588
832.728050 151.188696 284.371471
675.130467 463.606677 721.396527
62.196722 245.674001 932.432020
95.828120 629.352702 373.027741
362.926115 470.076601 198.675497
520.554216 558.885464 351.390118
992.919706 286.263619 427.838984
412.091433 310.037538 331.217383
821.222571 94.515824 333.262123
75.350200 71.443831 124.515519
215.735343 567.278054 7.782220
588.976714 472.548601 434.064760
731.833857 734.458449 210.272530
317.545091 934.018983 142.521439
225.684378 702.871792 32.288583
438.398389 504.928739 546.098209
914.822840 189.062166 154.301584
606.982635 566.515091 146.885586
293.923765 892.818995 362.559893
495.590075 945.616016 119.907224
308.542131 253.944517 445.966979
599.261452 9.430219 494.308298
416.333506 451.612903 648.213141
531.632435 820.551164 559.526353
755.363628 739.585559 141.666921
161.656545 51.057466 149.632252
209.479049 495.956297 140.385144
489.974670 709.158605 397.808771
343.668935 819.727165 903.225806
259.834590 442.548906 415.387432
597.430342 258.919034 623.676260
65.340129 882.229072 257.301553
400.433363 428.907132 680.440687
283.608509 795.007172 616.077151
633.472701 0.152593 560.869167
644.032105 356.089969 63.203833
728.019044 927.243873 591.845454
781.487472 251.503037 456.556902
300.241096 980.285043 44.709616
824.396496 206.457717 476.516007
178.655354 751.640370 845.637379
71.718497 528.733177 272.835475
632.160405 468.489639 649.739067
235.847041 985.808893 17.212439
160.710471 272.194586 45.777764
699.270608 421.002838 894.283883
3.845332 252.388073 778.283029
875.972777 587.817011 845.332194
170.293283 572.405164 726.645711
207.129124 361.308634 335.886715
928.586688 618.305002 594.561602
683.278909 403.332621 668.904691
942.045351 371.745964 459.669790
190.954314 132.572405 39.368877
209.570605 270.882290 140.140996
565.691092 110.446486 747.917112
312.631611 809.869686 376.323740
105.502487 323.191015 881.771294
789.452803 161.351360 725.119785
602.465896 943.723869 462.508011
391.369366 310.586871 450.636311
791.894284 620.197150 670.522172
139.927366 692.281869 187.932981
638.782922 784.966582 414.319285
130.497147 244.972076 385.296182
194.250313 534.348582 343.455306
536.759545 268.410291 118.778039
991.637928 920.987579 529.984436
890.316477 611.926634 445.020905
234.687338 650.563066 592.852565
62.959685 661.610767 639.027070
485.976745 810.022279 135.166478
91.708121 454.817347 81.026643
315.012055 997.253334 131.687368
684.469131 159.245582 831.232643
539.475692 702.597125 468.214972
550.553911 233.680227 690.115055
414.319285 628.803369 321.634571
241.523484 964.537492 413.495285
514.877773 459.089938 601.702933
587.542344 870.967742 352.275155
250.953703 14.648885 380.901517
700.277718 817.407758 751.579333
58.870205 408.551286 241.401410
506.851405 689.657277 890.804773
477.767266 328.714866 890.865810
507.431257 304.910428 802.331614
645.802179 592.272713 370.433668
538.163396 963.255715 98.025452
379.131443 232.856227 820.429090
392.406995 830.072939 83.132420
45.381024 235.694449 208.380383
834.955901 295.388653 471.327860
38.941618 248.420667 786.675619
460.615864 707.052828 259.987182
933.011872 792.901395 453.138829
623.249001 548.387097 302.011170
447.828608 309.396649 770.470290
921.231727 352.855007 448.774682
361.033967 406.750694 275.032807
94.668416 539.506211 462.080752
518.570513 590.746788 6.103702
293.527024 42.909024 822.809534
310.708945 129.215369 31.556139
137.241737 223.364971 731.620228
478.804895 206.152532 263.344218
435.895871 199.865719 621.326334
42.573321 744.773705 171.514023
497.817927 579.638050 11.139256
608.905301 868.617817 240.791040
240.180670 684.682760 151.585437
464.369640 541.337321 297.433393
469.954527 924.253059 262.398144
794.824061 107.364116 289.468062
336.344493 58.168279 879.207739
235.450301 872.188482 854.762413
701.040681 863.612781 521.286660
863.704337 135.654775 185.216834
650.410474 281.991028 199.835200
826.441237 852.626118 417.096469
212.012085 609.637745 827.082125
171.788690 962.431715 168.462172
159.703360 827.997681 986.693930
252.174444 35.065767 35.584582
224.005860 875.453963 411.297952
412.945952 841.700491 970.671712
689.168981 664.265877 506.607257
697.805719 406.659139 621.601001
885.311441 69.307535 989.928892
116.336558 654.042177 45.319987
92.257454 87.282937 799.554430
755.912961 552.476577 831.354717
492.263558 6.591998 503.067110
802.850429 312.997833 723.532823
660.664693 868.099002 114.413892
493.667409 328.897977 421.308023
298.440504 857.875301 145.756401
267.921995 791.039766 511.368145
105.960265 681.905576 495.437483
69.124424 890.438551 542.985321
505.142369 551.957762 33.112583
960.570086 857.997375 249.122593
957.609790 289.559618 112.430189
114.719077 413.403729 945.921201
527.329325 353.190710 344.462416
926.328318 126.468703 350.444044
720.328379 439.985351 429.364910
607.318339 361.308634 557.573168
128.818628 830.866420 289.376507
284.005249 497.573778 840.205084
635.395367 961.607715 804.193243
443.281350 634.418775 409.161657
520.432142 940.183721 739.982299
703.939940 600.543229 410.077212
388.988922 12.298959 614.215522
437.330241 448.072756 375.560778
14.343699 433.332316 872.859890
856.929228 320.627461 210.486160
611.468856 956.328013 500.717185
964.201788 283.303323 698.782311
329.447310 319.284646 664.571062
303.079318 8.453627 597.430342
511.612293 836.695456 826.166570
961.149937 753.379925 763.145848
140.385144 591.174047 584.398938
788.415174 464.583270 553.331095
489.272744 912.320322 938.413648
511.123997 730.124821 91.250343
964.720603 940.092166 328.073977
418.469802 293.588061 0.396741
70.375683 228.125858 335.093234
724.387341 573.870052 29.572436
981.505783 673.879208 936.429945
677.968688 720.725120 725.333415
7.782220 687.154759 322.122868
137.668996 810.419019 91.799677
875.576037 559.862056 142.185736
764.427625 465.346232 133.884701
891.994995 593.493454 260.231330
349.986267 99.337748 429.670095
300.729392 809.961241 289.590136
205.328532 764.732810 554.795984
115.451521 134.525590 993.041780
113.254189 836.848048 399.060030
55.940428 927.304910 669.484542
227.210303 142.033143 310.617389
534.073916 771.477401 550.462355
596.758934 237.098300 690.878018
568.010498 632.892850 614.551225
845.301675 12.146367 275.490585
669.606616 6.714072 721.579638
44.373913 236.030152 994.933927
774.834437 590.990936 197.820978
142.551958 719.107639 137.485885
797.112949 497.268593 589.892270
542.924284 60.945463 665.822321
2.746666 152.226325 878.658406
707.449568 98.941008 85.207678
760.612812 981.994079 625.598926
120.670186 810.144353 359.569079
931.699576 833.033235 939.542833
697.775201 161.839656 136.570330
861.171300 992.645039 428.174688
894.802698 885.677664 109.591968
242.011780 749.809259 57.679983
501.174963 986.846522 829.279458
661.000397 816.644795 713.064974
486.037782 623.737297 811.120945
36.896878 727.591784 855.525376
459.242531 423.474837 491.103854
47.395245 680.532243 636.219367
420.270394 965.971862 582.140568
633.503220 300.637837 772.606586
625.446333 693.746757 809.167760
399.884030 622.821741 50.294504
734.580523 515.335551 970.580157
817.346721 324.655904 104.586932
24.658956 488.082522 916.714988
205.053865 25.116733 786.400952
507.553331 820.886868 475.447859
153.294473 419.141209 551.164281
383.617664 649.433882 716.177862
962.034974 270.393994 554.734947
531.937620 234.321116 351.634266
446.760460 958.433790 117.740410
800.592059 38.666952 657.490768
723.014008 496.536149 558.244575
848.689230 183.019501 166.142766
949.186682 830.286569 714.712973
323.343608 675.832392 689.992981
112.063967 914.700766 413.006989
361.156041 202.520829 75.533311
401.257363 680.990020 297.158727
904.446547 750.022889 607.074190
166.447951 660.695212 468.764306
248.054445 572.649312 292.550432
508.224738 865.474410 889.919736
701.376385 592.577898 502.151555
843.775750 648.518326 123.844111
393.932920 900.967437 710.959197
939.848018 821.008942 340.617084
192.175054 206.701865 554.643391
538.834803 394.207587 227.912229
556.138798 496.963408 157.292398
450.086978 83.895383 145.451216
73.366497 447.462386 864.833522
454.298532 279.671621 166.173284
486.678671 881.557665 238.654744
209.662160 667.165136 190.618610
410.473952 446.028016 556.230354
168.309580 224.219489 719.229713
728.049562 274.361400 254.463332
944.822535 18.433180 753.746147
8.819849 371.807001 864.375744
243.354595 233.375042 291.879025
301.553392 403.942991 141.666921
976.866970 276.772362 608.661153
474.105045 126.071963 430.585650
219.641713 793.237098 605.059969
7.019257 483.565783 922.055727
755.760369 46.845912 577.654347
930.875576 61.159093 519.730216
837.397382 579.363384 443.983276
552.598651 697.042756 619.830927
981.658376 409.558397 374.431593
868.251595 318.643757 380.382702
830.835902 448.866237 557.176428
233.161412 37.903989 119.205298
907.742546 387.798700 82.186346
81.087680 880.550554 466.353343
138.859218 184.423353 299.386578
376.781518 845.942564 929.746391
919.034394 585.955382 109.958190
175.847652 927.091281 738.364818
874.904630 958.922086 112.308115
276.955473 884.609516 328.745384
979.796747 221.991638 971.343120
609.454634 594.958342 764.519181
900.540178 989.715262 437.116611
830.286569 303.415021 849.635304
44.160283 270.943327 729.056673
730.094302 729.514451 838.312937
346.476638 350.932340 152.409436
597.857601 328.745384 584.307382
23.316141 938.352611 449.598682
789.025544 725.028230 833.033235
924.466689 412.976470 131.076998
509.292886 26.825770 269.142735
402.905362 182.561724 511.154515
391.430403 46.540727 11.169774
373.760186 877.346110 10.284738
927.945799 982.848598 622.760704
104.922636 504.867702 108.829005
355.876339 527.176733 507.827998
886.501663 876.155889 768.059328
296.304209 239.753410 904.324473
687.185278 725.486007 800.958281
450.331126 34.424879 706.320383
855.006561 104.983673 200.048830
80.355235 340.769677 161.595508
474.501785 964.995270 439.985351
974.089785 599.444563 225.562304
785.302286 457.380902 890.804773
231.208228 818.811609 137.180700
715.506455 549.516282 332.285531
654.225288 602.954192 737.327189
720.297861 130.222480 772.515030
883.236183 977.172155 301.309244
358.104190 58.473464 969.756157
825.220496 111.606189 332.163457
16.571551 668.630024 865.810114
507.278665 305.063021 980.895413
538.407544 233.466597 177.617725
360.209967 958.403272 653.340251
818.384350 918.729209 295.663320
237.830744 371.471297 52.552873
375.896481 967.680898 22.247993
323.496200 660.908841 516.495254
72.481460 357.829524 176.519059
592.364269 541.245766 169.316691
169.072542 93.508713 322.031312
812.128056 771.477401 235.053560
428.235725 770.104068 460.280160
302.499466 357.371746 988.708151
585.314493 188.451796 105.868709
955.595569 752.372814 368.877224
865.627003 736.472671 341.074862
474.898526 933.011872 372.051149
938.566240 116.763817 862.605670
542.985321 970.427564 115.848262
395.916623 908.078249 310.190130
801.141392 196.813868 22.980438
148.716697 526.444288 924.985504
245.277261 904.354991 64.668722
678.304392 531.571398 455.397198
35.065767 335.856197 534.226508
476.424451 20.050661 832.514420
902.401807 158.818323 527.817621
896.145512 195.043794 97.903378
456.709494 279.335917 311.075167
626.728111 218.024232 16.388440
843.470565 378.978851 173.039949
736.869411 263.466292 361.156041
540.910062 566.972869 341.227454
316.141240 433.393353 650.379955
708.822901 658.772546 172.917875
819.116794 972.197638 764.976959
550.035096 446.272164 278.206732
895.901364 176.458022 11.505478
742.973113 537.644581 590.319529
410.840175 647.755364 438.703574
269.295328 541.642506 808.740501
125.644704 208.563494 194.372387
26.856288 178.502762 219.092380
782.250435 23.987548 47.517319
603.198340 939.939573 771.629994
691.732536 363.017670 522.659993
618.427076 821.405683 598.712119
37.171545 122.898038 25.055696
252.174444 35.218360 997.497482
562.669759 852.778710 501.541185
69.826350 105.807672 421.246986
766.838588 668.446913 206.701865
188.146611 977.843562 337.931455
776.848659 282.937101 655.049287
290.963469 356.517228 49.867244
369.396039 502.487259 456.862087
147.526475 69.795831 852.992340
755.302591 87.160863 91.830195
226.783044 425.580615 367.442854
379.680776 971.526231 384.197516
860.530412 952.024903 625.415815
733.726005 606.738487 143.284402
318.247017 184.911649 673.635060
651.905881 752.525407 738.395337
235.602893 925.778985 170.598468
407.422102 530.594806 917.600024
215.094455 263.039033 850.001526
740.073855 87.313456 582.537309
217.871639 253.059481 911.374248
382.793664 916.104617 113.406781
709.250160 119.602039 511.246071
319.162572 893.826106 834.437086
539.872433 778.801843 685.232093
529.251991 507.950072 937.559130
357.768487 51.667837 361.491745
991.241188 722.830897 270.821253
83.620716 719.504379 754.478591
825.342570 575.151830 469.252602
764.030885 225.257118 474.440748
319.895016 29.389325 588.366344
73.183386 961.333048 286.141545
792.687765 983.977783 316.141240
985.686819 326.120792 716.025269
437.208167 727.622303 614.947966
815.454573 711.935789 772.148808
111.514634 726.340526 904.385510
38.605914 923.490097 28.565325
66.377758 496.780297 265.053255
208.929716 849.421674 356.944487
511.825922 621.723075 247.718741
965.025788 140.202033 795.007172
304.483169 808.923612 333.231605
738.853114 812.311167 542.832728
533.310953 411.786248 538.682211
434.888760 723.532823 1.586962
8.545183 145.268105 718.894009
177.037873 374.401074 240.302744
248.512223 966.277047 405.743583
349.528489 109.836116 418.652913
128.818628 371.257668 176.824244
705.923643 148.045289 633.411664
542.466506 819.116794 180.272835
415.448469 577.532273 517.349773
833.338420 738.364818 186.651204
685.048982 159.642323 827.845088
42.695395 753.196814 17.059847
158.055361 81.118198 341.746269
766.838588 481.490524 35.157323
778.771325 341.380047 751.457259
293.496506 652.729881 212.042604
343.333232 861.201819 54.383984
288.735618 481.124302 705.526902
664.296396 282.296213 274.971770
267.952513 342.173528 561.052278
276.619770 423.139134 374.889370
32.776879 958.464309 666.493728
38.178655 83.437605 22.644734
811.700797 629.902036 103.366192
946.989349 979.064302 629.413739
633.259072 672.475356 156.102176
140.934477 659.840693 840.784936
111.941893 275.795770 93.844417
485.976745 946.073794 630.573443
960.386975 587.908567 53.224281
517.319254 333.628346 393.200476
785.973693 101.687674 547.013764
909.970397 595.110935 105.929746
709.891049 482.528153 930.417798
232.154302 62.013611 852.809229
681.936094 962.797937 197.637867
613.818781 444.044313 894.283883
689.260537 462.477493 382.580035
260.017701 143.681143 156.956694
986.968596 799.310282 220.618305
585.955382 488.235115 627.918332
645.466475 854.976043 224.616230
267.067476 747.489853 796.868801
735.099338 486.922819 554.795984
812.250130 863.277078 120.456557
977.019562 446.272164 651.875362
504.745628 107.028413 608.020264
309.854427 704.947050 173.589282
838.557085 32.593768 178.197577
174.871059 534.440138 957.365642
32.990509 725.424970 532.059694
34.180731 540.452284 147.129734
960.020753 94.790490 53.895688
335.581530 764.946440 899.166845
992.919706 432.905057 817.804498
442.548906 48.005615 838.770714
6.012146 303.201392 262.306589
590.258492 218.695639 312.387463
146.427808 642.414624 630.390332
327.951903 482.741783 80.172124
189.825129 392.651143 975.493637
793.359172 720.389416 58.534501
402.630696 645.619068 537.644581
158.452101 426.252022 669.057283
991.210669 806.329539 716.910306
315.195166 836.298715 906.826991
549.180578 294.045839 841.792047
956.480605 523.850215 32.227546
540.940580 416.760765 573.473312
281.472213 530.625324 440.717795
907.284768 908.719138 225.989563
234.534745 51.759392 399.273659
476.363414 834.925382 643.452254
103.946043 948.484756 583.849605
129.520554 761.741997 683.858760
81.789605 33.204138 328.806421
736.136967 900.814844 939.695425
645.863216 294.686728 838.496048
858.973968 974.333934 200.872829
994.262520 122.074038 932.828761
263.100070 449.262978 466.689047
865.779595 276.955473 830.896939
468.184454 174.260689 156.743065
543.290506 973.052156 641.590625
84.383679 945.402387 690.298166
283.822138 82.430494 257.087924
597.308267 757.194739 917.020173
475.539415 316.385388 853.419599
737.022004 82.247383 118.411817
113.925596 355.998413 822.504349
709.524827 94.759972 582.964568
338.236641 457.136753 312.936796
508.011109 935.880612 212.256233
405.713065 149.388104 269.844661
382.915738 534.134953 368.419446
223.792230 416.455580 561.723685
457.686087 769.951476 345.957823
40.070803 309.823908 88.320566
557.542650 532.181768 572.313608
727.164525 434.369945 304.849391
695.059053 85.329752 34.180731
921.842097 276.589251 998.504593
456.038087 768.028809 615.619373
709.860530 52.797021 37.202063
873.592334 6.958220 145.725883
213.476974 754.997406 806.085391
397.076327 578.142644 111.606189
964.384899 497.207556 773.430586
376.720481 602.679525 322.489090
953.886532 235.419782 718.710898
220.068972 557.145909 438.001648
372.844630 575.884274 224.799341
161.626026 227.149266 321.970275
905.148473 827.661977 719.504379
539.872433 668.630024 779.656362
653.401288 815.515610 267.769402
729.606006 485.396893 502.578814
971.953490 377.483444 90.578936
550.340281 709.372234 111.117893
288.338878 51.973022 46.510208
192.419202 908.749657 170.171209
37.018952 336.039308 681.356243
595.568712 470.717490 86.916715
727.561266 194.891202 554.551836
903.103732 937.711722 4.730369
556.047243 349.375896 14.038514
227.393414 441.358684 309.183020
461.226234 384.533219 38.300729
619.769890 305.093539 285.805841
756.401257 37.659841 821.405683
967.925047 394.299142 940.610981
55.269021 260.475478 66.988128
671.681875 413.434248 135.471664
782.921842 932.645650 109.347819
495.895260 702.871792 132.236702
743.644520 560.014649 611.835078
95.645009 800.073244 497.878964
634.907071 41.779839 339.304788
475.814081 728.690451 234.229560
670.674764 765.465255 979.216895
212.286752 284.066286 73.427534
237.708670 8.514664 822.656941
748.069704 125.827815 258.583331
377.971740 19.135105 940.885647
610.126041 888.454848 927.426984
492.904447 336.619160 922.696615
99.398785 404.553362 562.669759
628.925443 24.597919 905.301065
6.744591 131.534776 990.539262
650.715659 647.877438 156.254769
332.224494 598.712119 222.113712
164.891507 152.989288 473.464156
956.022828 781.426435 171.239357
848.567156 441.785943 790.032655
851.252785 380.443739 61.983093
486.861782 473.036897 223.700674
869.014557 666.493728 298.043764
159.092990 325.876644 24.262215
486.617634 465.651418 814.722129
256.233406 924.039430 68.300424
318.918424 637.134922 610.461745
992.187262 185.583056 358.653523
772.270882 654.591510 374.126408
408.368175 349.620045 26.367992
97.445601 270.912809 17.792291
193.609424 262.123478 233.039338
397.717215 350.657674 613.483077
572.985015 612.170782 756.584368
992.004151 416.089358 844.080935
685.354167 607.501450 537.766655
52.919095 901.638844 736.960967
894.802698 505.630665 692.983795
752.372814 166.386914 278.145695
990.264595 885.219886 86.550493
384.014405 606.891079 633.106479
848.292489 686.025575 128.666036
215.674306 361.583300 247.566149
